<?xml version="1.0"?>
<opencv_storage>
<mtx type_id="opencv-matrix">
  <rows>3</rows>
  <cols>3</cols>
  <dt>d</dt>
  <data>
    1.3145810300585479e+03 0. 1.0259004901424350e+03 0.
    1.3160146607129054e+03 5.4091405679523734e+02 0. 0. 1.</data></mtx>
<dist type_id="opencv-matrix">
  <rows>1</rows>
  <cols>5</cols>
  <dt>d</dt>
  <data>
    7.2110546063162126e-02 -5.3115261627189636e-01
    -9.1377019207556720e-04 1.5750457457312871e-02
    2.4957772377654468e+00</data></dist>
</opencv_storage>
