<?xml version="1.0"?>
<opencv_storage>
<mtx type_id="opencv-matrix">
  <rows>3</rows>
  <cols>3</cols>
  <dt>d</dt>
  <data>
    1.3058047117099300e+03 0. 1.0010561635289406e+03 0.
    1.3092865496778022e+03 5.4154171464098783e+02 0. 0. 1.</data></mtx>
<dist type_id="opencv-matrix">
  <rows>1</rows>
  <cols>5</cols>
  <dt>d</dt>
  <data>
    1.2734618697517538e-01 -5.7556317943273072e-01
    -2.5573192883479447e-03 4.8620099896695664e-03
    5.3798592625372543e-01</data></dist>
</opencv_storage>
