<?xml version="1.0"?>
<opencv_storage>
<R type_id="opencv-matrix">
  <rows>3</rows>
  <cols>3</cols>
  <dt>d</dt>
  <data>
    9.5342382319087093e-01 -5.7524849767243251e-02
    2.9609779639733730e-01 -4.2543687586303759e-02
    9.4618724672846666e-01 3.2081104839915164e-01
    -2.9861856609839571e-01 -3.1846598843151197e-01
    8.9967014299335191e-01</data></R>
<tvec type_id="opencv-matrix">
  <rows>3</rows>
  <cols>1</cols>
  <dt>d</dt>
  <data>
    -2.8913910524947689e-01 -4.2936546077191141e-02
    2.9574496445996027e-02</data></tvec>
</opencv_storage>
